T/92/Y 5.63 12.53 -6.8999999999999995
T/93/Y 5.57 12.53 -6.959999999999999
E/197/D 2.99 9.97 -6.98
L/96/Y 5.51 12.54 -7.029999999999999
D/215/E 5.5 12.54 -7.039999999999999
T/196/G 2.99 10.61 -7.619999999999999
T/196/A 2.99 10.67 -7.68
T/196/M 2.99 10.68 -7.6899999999999995
T/196/Q 2.99 10.68 -7.6899999999999995
T/196/C 2.99 10.68 -7.6899999999999995
T/196/L 2.99 10.69 -7.699999999999999
T/196/I 2.99 10.71 -7.720000000000001
T/196/V 2.99 10.72 -7.73
D/80/E 2.99 10.86 -7.869999999999999
A/56/F 3.85 12.53 -8.68
Y/60/F 3.74 12.54 -8.799999999999999
Y/188/F 3.73 12.54 -8.809999999999999
Y/60/M 3.58 12.55 -8.97
Y/60/L 3.55 12.54 -8.989999999999998
Y/60/Q 3.53 12.54 -9.01
